284
322
302
216
65
234
454
253
253
488
151
173
480
326
400
28
357
290
468
35
197
330
225
368
370
142
259
4
85
6
428
96
449
253
380
86
392
82
342
399
277
296
65
12
493
470
443
36
159
264
93
130
8
43
445
369
444
135
355
342
17
329
119
240
443
405
408
244
454
63
36
305
154
191
266
330
164
323
222
122
195
199
5
353
432
169
274
256
246
415
442
306
126
342
92
408
349
58
320
219
183
328
331
88
153
242
403
279
388
261
178
42
48
250
324
2
120
18
170
71
39
119
496
63
385
166
120
8
312
406
252
304
169
474
51
32
433
167
499
183
442
380
381
255
317
191
101
302
210
28
467
432
279
255
325
379
121
318
295
382
341
165
48
500
101
205
67
244
433
87
487
322
162
318
340
33
193
291
275
478
330
260
31
233
236
365
256
467
369
178
172
500
134
157
89
497
454
300
181
216
34
132
100
366
23
221
423
175
271
73
210
136
209
482
274
91
64
48
448
474
134
148
243
442
26
27
146
128
484
248
9
446
282
243
9
467
474
184
388
81
242
384
309
205
495
176
429
399
423
167
80
188
145
468
312
404
431
122
336
109
381
258
368
306
311
44
357
482
341
105
370
136
2
30
139
500
405
161
460
62
54
479
448
147
238
157
285
292
298
340
230
202
498
158
101
447
406
307
22
337
9
194
82
248
439
358
289
315
62
280
156
61
382
46
223
250
454
121
388
263
386
64
418
223
368
290
203
47
328
438
487
156
252
251
490
34
136
92
107
312
487
452
374
374
5
492
257
22
90
423
330
469
147
213
450
164
103
484
484
184
447
110
421
462
303
225
330
287
117
26
17
75
107
188
448
43
39
408
329
498
67
200
123
153
209
400
493
226
346
369
429
261
477
33
326
34
232
187
38
143
477
241
39
191
273
486
41
20
126
270
376
94
274
14
416
419
370
117
240
119
44
479
207
217
38
117
152
56
387
257
139
24
335
303
496
287
258
136
59
287
431
406
259
212
375
299
57
46
45
418
216
202
227
355
492
161
279
478
51
284
455
139
469
314
85
126
380
404
347
77
474
104
394
220
189
286
297
333
285
113
26
32
395
389
491
377
381
219
68
352
425
62
73
189
48
404
339
76
136
35
